0 0.682031 0.497563 0.052500 0.052875
0 0.565293 0.478840 0.051898 0.052153
0 0.955594 0.604542 0.060469 0.071000
0 0.320879 0.480361 0.038117 0.033528
0 0.213816 0.392979 0.029586 0.024375
0 0.257547 0.949743 0.123125 0.100514
0 0.803074 0.506889 0.068227 0.047667
0 0.424316 0.566549 0.052336 0.080403
0 0.248039 0.400750 0.029156 0.025722
0 0.281496 0.402653 0.025727 0.018917
0 0.298480 0.420861 0.028180 0.025722
0 0.362391 0.413861 0.023609 0.021667
0 0.344203 0.430889 0.024766 0.019944
0 0.387930 0.428826 0.029797 0.030264
0 0.506883 0.427639 0.102078 0.087944
0 0.470473 0.973736 0.104445 0.052528
0 0.709703 0.551840 0.060687 0.062014
0 0.821996 0.559021 0.068773 0.055764
0 0.627016 0.867396 0.112312 0.178958
0 0.371832 0.514604 0.040523 0.052069
0 0.274539 0.490701 0.036109 0.038514
0 0.571133 0.522014 0.046328 0.038750
0 0.258660 0.553194 0.041430 0.068889
0 0.651930 0.446458 0.124422 0.083472
0 0.301055 0.650069 0.051656 0.093056
0 0.332496 0.536979 0.043039 0.062375
0 0.778430 0.655236 0.084578 0.071583
