0 0.326070 0.419028 0.028594 0.024667
0 0.175656 0.392729 0.018656 0.013431
0 0.200242 0.402264 0.018188 0.018583
0 0.214613 0.399111 0.014836 0.017917
0 0.243520 0.431486 0.036273 0.031861
0 0.515871 0.440833 0.044805 0.047278
0 0.833316 0.554118 0.080617 0.066597
0 0.972836 0.717451 0.054328 0.095486
0 0.255035 0.457326 0.030352 0.030319
0 0.249539 0.518340 0.045078 0.072736
0 0.722699 0.548438 0.064523 0.070153
0 0.595125 0.528715 0.048922 0.060597
0 0.839027 0.618604 0.091758 0.080875
0 0.499820 0.556868 0.065250 0.073042
0 0.532348 0.674667 0.070008 0.105194
0 0.491508 0.462472 0.038531 0.040222
0 0.626020 0.499549 0.052102 0.053181
0 0.447813 0.457743 0.046500 0.048264
0 0.440617 0.581764 0.052109 0.067083
0 0.342871 0.543014 0.040086 0.067778
0 0.430793 0.423340 0.031742 0.027264
0 0.289180 0.597500 0.078984 0.165278
0 0.353422 0.469958 0.048797 0.057139
0 0.284320 0.405083 0.026313 0.020639
0 0.364813 0.436951 0.035594 0.029458
0 0.385547 0.428083 0.016328 0.021583
