0 0.293238 0.778486 0.072430 0.150000
0 0.737738 0.492535 0.051555 0.051847
0 0.748547 0.577972 0.070609 0.064361
0 0.544289 0.733528 0.073797 0.110306
0 0.301063 0.596229 0.042797 0.074347
0 0.897281 0.460250 0.070922 0.064389
0 0.508844 0.566375 0.054641 0.063167
0 0.328020 0.541375 0.038570 0.062972
0 0.292254 0.506646 0.039008 0.062097
0 0.251699 0.551090 0.041086 0.049458
0 0.322051 0.417250 0.041477 0.034167
0 0.912887 0.592674 0.082945 0.063542
0 0.331660 0.487090 0.038242 0.043903
0 0.733246 0.794035 0.112789 0.164236
0 0.918633 0.547403 0.066312 0.050194
0 0.431066 0.569076 0.033977 0.062875
0 0.432184 0.511583 0.047602 0.059500
0 0.371473 0.476694 0.036789 0.036861
0 0.400434 0.417333 0.032648 0.029528
0 0.288859 0.439444 0.037578 0.039306
0 0.261188 0.486139 0.034875 0.040694
0 0.260539 0.457160 0.032500 0.030708
0 0.194988 0.389194 0.021492 0.023889
0 0.212227 0.403722 0.018359 0.017917
0 0.260207 0.409826 0.029102 0.025319
