0 0.274160 0.591326 0.039180 0.055486
0 0.330109 0.546292 0.042484 0.059861
0 0.237641 0.520278 0.036266 0.045583
0 0.341453 0.494063 0.041141 0.051125
0 0.204012 0.476312 0.028883 0.046569
0 0.240168 0.468160 0.034477 0.033431
0 0.263000 0.450042 0.038063 0.035417
0 0.212520 0.439896 0.030227 0.029458
0 0.171066 0.391201 0.012711 0.015764
0 0.188375 0.397146 0.017891 0.018736
0 0.232773 0.402201 0.030766 0.024681
0 0.262961 0.409931 0.023578 0.025861
0 0.313469 0.417174 0.025984 0.020431
0 0.391691 0.440326 0.031195 0.034542
0 0.443426 0.464007 0.035602 0.030958
0 0.473570 0.424847 0.046641 0.038944
0 0.499289 0.482069 0.044656 0.046250
0 0.535613 0.435181 0.037102 0.029583
0 0.610254 0.474090 0.050336 0.051625
0 0.596523 0.529813 0.038641 0.048931
0 0.397578 0.657521 0.069687 0.137236
0 0.929129 0.608486 0.083602 0.075306
0 0.676910 0.580743 0.062211 0.066819
0 0.522504 0.693181 0.066523 0.116250
0 0.682719 0.721694 0.086203 0.128083
0 0.811191 0.676153 0.085023 0.082917
0 0.279344 0.992861 0.074047 0.014278
0 0.369562 0.411889 0.036453 0.029722
0 0.880090 0.962285 0.129977 0.075431
0 0.663152 0.476292 0.043758 0.030861
0 0.979398 0.580125 0.041125 0.071694
0 0.936516 0.692208 0.085641 0.076556
0 0.447281 0.573403 0.053781 0.065833
0 0.282738 0.782111 0.078508 0.169556
0 0.675930 0.963868 0.109813 0.072264
0 0.546398 0.583132 0.068313 0.091236
0 0.285602 0.630167 0.046125 0.072750
