0 0.444312 0.461535 0.037344 0.031986
0 0.409402 0.675194 0.059086 0.113833
0 0.340656 0.542938 0.051359 0.061986
0 0.850840 0.694007 0.089523 0.083181
0 0.267227 0.587076 0.047422 0.076542
0 0.700340 0.598917 0.066695 0.071306
0 0.715336 0.513646 0.055375 0.059792
0 0.486973 0.439785 0.034727 0.030208
0 0.597914 0.469653 0.029766 0.038639
0 0.208766 0.402049 0.020609 0.022875
0 0.242492 0.407826 0.027359 0.024653
0 0.265102 0.397056 0.020359 0.017333
0 0.225340 0.389188 0.024680 0.030681
0 0.313867 0.415049 0.029781 0.041597
0 0.246949 0.907264 0.098727 0.153556
0 0.877773 0.645674 0.082687 0.071264
0 0.576258 0.483083 0.050875 0.052889
0 0.774734 0.870417 0.118641 0.148306
0 0.284801 0.686167 0.060633 0.123222
0 0.521508 0.656590 0.071312 0.115986
0 0.361840 0.432903 0.031789 0.031083
0 0.674301 0.960507 0.121180 0.078986
0 0.421465 0.547208 0.053617 0.058944
0 0.493730 0.556194 0.047398 0.049278
0 0.237250 0.521090 0.033859 0.052736
0 0.264551 0.485500 0.036789 0.038944
0 0.229348 0.455771 0.036961 0.037153
0 0.372434 0.408042 0.027867 0.020639
0 0.456187 0.604014 0.051344 0.077194
