0 0.830715 0.612056 0.071617 0.062139
0 0.433680 0.898361 0.103781 0.203278
0 0.189309 0.444014 0.026883 0.042806
0 0.189496 0.470681 0.016836 0.044028
0 0.344227 0.493889 0.038859 0.039611
0 0.295012 0.466493 0.039883 0.045597
0 0.230066 0.398868 0.018055 0.023181
0 0.252391 0.404222 0.027922 0.030917
0 0.663172 0.521500 0.048500 0.042167
0 0.631492 0.564444 0.049203 0.045556
0 0.187332 0.395167 0.021148 0.025278
0 0.562250 0.488062 0.044078 0.041875
0 0.565715 0.446951 0.042055 0.031097
0 0.597453 0.640118 0.069828 0.087375
0 0.853082 0.942514 0.107055 0.108250
0 0.273965 0.839493 0.085648 0.135764
0 0.874926 0.697778 0.079148 0.081972
0 0.507133 0.464465 0.040359 0.037986
0 0.423809 0.421687 0.037070 0.034153
0 0.340457 0.421069 0.031586 0.039028
0 0.382117 0.624201 0.050766 0.077236
0 0.239656 0.521167 0.040266 0.063167
0 0.307414 0.529340 0.047016 0.072653
0 0.985582 0.636264 0.028383 0.087583
