0 0.768801 0.568944 0.067367 0.067306
0 0.814422 0.519597 0.059906 0.057917
0 0.772852 0.652861 0.078312 0.090583
0 0.635223 0.557438 0.058961 0.051931
0 0.553969 0.464875 0.052750 0.053278
0 0.594766 0.463222 0.033281 0.032333
0 0.478344 0.613444 0.063234 0.084306
0 0.264723 0.407188 0.023414 0.015125
0 0.237344 0.408042 0.025547 0.018917
0 0.190324 0.396701 0.018961 0.014792
0 0.307023 0.469181 0.037453 0.031806
0 0.273660 0.488799 0.034945 0.036569
0 0.239191 0.534868 0.034195 0.045125
0 0.427152 0.434292 0.038508 0.033361
0 0.396484 0.445986 0.033281 0.027167
0 0.377047 0.613313 0.057375 0.082736
0 0.458668 0.950951 0.122336 0.098097
0 0.271941 0.832722 0.080508 0.161889
0 0.686523 0.742688 0.090188 0.116347
0 0.497332 0.481389 0.042758 0.038750
0 0.326355 0.416861 0.034852 0.035861
0 0.762918 0.409319 0.037430 0.050444
0 0.965617 0.707667 0.064375 0.065278
0 0.275813 0.707993 0.062688 0.101264
0 0.608117 0.889674 0.110719 0.182292
