0 0.543906 0.582812 0.057500 0.074597
0 0.269566 0.437625 0.032680 0.023389
0 0.236684 0.440896 0.033086 0.023736
0 0.327992 0.540125 0.041828 0.061639
0 0.285625 0.625569 0.053938 0.103528
0 0.736105 0.518403 0.052773 0.050639
0 0.700043 0.537701 0.057023 0.058625
0 0.476270 0.632667 0.059898 0.081889
0 0.222020 0.405188 0.028977 0.022431
0 0.265977 0.415910 0.018109 0.015542
0 0.298453 0.402486 0.026109 0.020667
0 0.255172 0.402035 0.022484 0.022875
0 0.990824 0.642319 0.018023 0.057972
0 0.438078 0.582187 0.048578 0.062819
0 0.623305 0.679708 0.078016 0.101861
0 0.292566 0.503799 0.040148 0.049764
0 0.552844 0.472118 0.052297 0.055625
0 0.262273 0.898542 0.121719 0.191667
0 0.778332 0.642958 0.087617 0.117111
0 0.842543 0.615944 0.072773 0.069472
0 0.616543 0.497646 0.051570 0.059653
0 0.174465 0.377729 0.062070 0.065958
0 0.339148 0.420125 0.029094 0.020806
0 0.403457 0.451160 0.035367 0.027847
0 0.367301 0.440812 0.025305 0.024681
0 0.661379 0.468944 0.046102 0.036222
0 0.516059 0.432229 0.043211 0.033153
0 0.464055 0.452792 0.033359 0.026667
0 0.324414 0.447715 0.039625 0.041625
0 0.274477 0.464111 0.035266 0.031861
0 0.231371 0.468556 0.033273 0.033000
0 0.461410 0.521333 0.050508 0.058472
0 0.385270 0.481333 0.037289 0.040083
0 0.379434 0.512111 0.043352 0.058556
