0 0.866848 0.720812 0.096039 0.097514
0 0.216605 0.401333 0.029930 0.023194
0 0.222289 0.426757 0.031938 0.025264
0 0.438738 0.439319 0.029602 0.021667
0 0.428352 0.504118 0.042375 0.046792
0 0.367137 0.513313 0.044055 0.051681
0 0.664180 0.493437 0.044984 0.033292
0 0.347867 0.430993 0.033562 0.028236
0 0.454465 0.958840 0.117305 0.082319
0 0.507215 0.443778 0.115383 0.127333
0 0.654262 0.520861 0.049602 0.034500
0 0.733242 0.625424 0.071953 0.066403
0 0.207684 0.481389 0.029945 0.046667
0 0.560852 0.510090 0.048672 0.048569
0 0.289469 0.501903 0.037484 0.041806
0 0.779273 0.545604 0.044672 0.039958
0 0.745027 0.559569 0.055695 0.054778
0 0.396125 0.691528 0.059344 0.093444
0 0.240484 0.466326 0.041906 0.049708
0 0.502387 0.554028 0.049195 0.056472
0 0.267316 0.539250 0.040164 0.069194
0 0.620637 0.550562 0.052273 0.055542
