0 0.544996 0.502125 0.044727 0.050056
0 0.443539 0.502944 0.049437 0.066778
0 0.657918 0.699174 0.088586 0.113542
0 0.308668 0.521285 0.039961 0.057486
0 0.628617 0.510549 0.052250 0.047597
0 0.920125 0.651618 0.100234 0.102764
0 0.766156 0.642278 0.077375 0.085111
0 0.498109 0.628722 0.066484 0.102194
0 0.597602 0.826569 0.094047 0.139778
0 0.647410 0.567944 0.058258 0.049222
0 0.467348 0.446201 0.040352 0.035458
0 0.401387 0.675611 0.061758 0.111278
0 0.418828 0.433993 0.039219 0.029931
0 0.368801 0.590167 0.045523 0.071722
0 0.347008 0.420931 0.035734 0.022139
0 0.868656 0.931986 0.138469 0.136028
0 0.702742 0.505111 0.054359 0.055611
0 0.663922 0.969674 0.108750 0.060653
0 0.531789 0.582361 0.053344 0.060194
0 0.374691 0.518903 0.041664 0.052750
0 0.331715 0.481458 0.038070 0.040056
0 0.379895 0.477771 0.037555 0.028097
0 0.257492 0.478514 0.035281 0.042222
0 0.249164 0.445937 0.030484 0.026875
0 0.174270 0.398007 0.015117 0.014014
0 0.188414 0.393299 0.014250 0.013431
0 0.214977 0.405535 0.023734 0.017986
0 0.295680 0.417174 0.027172 0.023125
0 0.260918 0.414986 0.021242 0.019278
0 0.236637 0.401625 0.017773 0.017722
0 0.467566 0.419646 0.030273 0.016514
0 0.542094 0.459729 0.048328 0.037458
