0 0.200090 0.395187 0.025805 0.020792
0 0.555629 0.460847 0.035242 0.038972
0 0.282715 0.652715 0.056102 0.099875
0 0.502848 0.649896 0.069930 0.107847
0 0.245195 0.468882 0.037844 0.045958
0 0.352063 0.438153 0.024984 0.019639
0 0.396699 0.429840 0.020930 0.020986
0 0.474445 0.467375 0.056922 0.043306
0 0.825617 0.553174 0.072453 0.071042
0 0.765852 0.602361 0.068687 0.075500
0 0.559059 0.775174 0.082117 0.124764
0 0.835090 0.689382 0.090305 0.084542
0 0.485961 0.466681 0.033984 0.043111
0 0.271699 0.407465 0.027727 0.021986
0 0.304469 0.404972 0.028719 0.025139
0 0.322820 0.420708 0.029797 0.023611
0 0.621332 0.452653 0.045523 0.030833
0 0.631957 0.476417 0.048852 0.034167
0 0.615984 0.503917 0.049000 0.048556
0 0.969953 0.721160 0.060094 0.090597
0 0.434734 0.948354 0.126156 0.103292
0 0.235871 0.933993 0.088867 0.132014
0 0.382668 0.483361 0.040758 0.045472
0 0.313172 0.476979 0.038219 0.035125
0 0.261961 0.546257 0.041766 0.061653
0 0.323359 0.526410 0.047531 0.069764
